27918560
26655374
27929045
27678520
27936122
27925850
27830782
27846033
27849216
27873345
27860366
27842367
27841770
27818364
27805431
27733649
27735030
27739668
27714034
27743264
27757589
27766822
27779326
27783225
27836309
27732089
27813607
27628033
27627583
27748531
27666374
27672359
27692531
27620703
27676299
27455465
27488422
27494420
27511295
27745824
27509402
27927961
27455861
27464700
27466851
27283469
27430226
27416112
27447491
27404800
26733246
26775004
26802726
26970623
26785316
26836699
26891101
26833660
26849214
26898780
26948874
27001071
27027615
27001518
26931794
26865094
27045885
27048332
27063709
27097273
27118446
27129026
27297522
27337952
27281330
28058688
28069431
28073824
28074724
28077491
28077621
28087896
28062756
26842577
26842577
26842577
26842577
26842577
26842577
26842577
26842577
26842577
26842577
26865300
